BINARY
#SOURCEDATA
Vin: 1, -1, 1.00000e+00
In list  : 1
Segments : 5
Frequency: 1
segment0: 1, 0.00000e+00, 0.00000e+00, 100,1.0, 0, 0, 10.0
segment1: 1, 2.50000e-02, 2.50000e-02, 50,1.0, 0, 0, 10.0
segment2: 1, 5.00000e-02, 5.00000e-02, 50,1.0, 0, 0, 10.0
segment3: 1, 7.50000e-02, 7.50000e-02, 50,1.0, 0, 0, 10.0
segment4: 1, 1.00000e-01, 1.00000e-01, 50,1.0, 0, 0, 10.0
#ENDSOURCEDATA
